✏︎: -30 -100 -113 -17 -72 -114
✂︎: -30 -100 -126 -17 -72 -114
✁︎: -30 -100 -127 -17 -72 -114
👓︎: -16 -97 -111 -109 -17 -72 -114
🕭︎: -16 -97 -107 -83 -17 -72 -114
🕮︎: -16 -97 -107 -82 -17 -72 -114
🕯︎: -16 -97 -107 -81 -17 -72 -114
🕿︎: -16 -97 -107 -65 -17 -72 -114
✆︎: -30 -100 -122 -17 -72 -114
🖂︎: -16 -97 -106 -126 -17 -72 -114
🖃︎: -16 -97 -106 -125 -17 -72 -114
📪︎: -16 -97 -109 -86 -17 -72 -114
📫︎: -16 -97 -109 -85 -17 -72 -114
📬︎: -16 -97 -109 -84 -17 -72 -114
📭︎: -16 -97 -109 -83 -17 -72 -114
📁︎: -16 -97 -109 -127 -17 -72 -114
📂︎: -16 -97 -109 -126 -17 -72 -114
📄︎: -16 -97 -109 -124 -17 -72 -114
🗏︎: -16 -97 -105 -113 -17 -72 -114
🗐︎: -16 -97 -105 -112 -17 -72 -114
🗄︎: -16 -97 -105 -124 -17 -72 -114
⌛︎: -30 -116 -101 -17 -72 -114
🖮︎: -16 -97 -106 -82 -17 -72 -114
🖰︎: -16 -97 -106 -80 -17 -72 -114
🖲︎: -16 -97 -106 -78 -17 -72 -114
🖳︎: -16 -97 -106 -77 -17 -72 -114
🖴︎: -16 -97 -106 -76 -17 -72 -114
🖫︎: -16 -97 -106 -85 -17 -72 -114
🖬︎: -16 -97 -106 -84 -17 -72 -114
✇︎: -30 -100 -121 -17 -72 -114
✍︎: -30 -100 -115 -17 -72 -114
@: 64
✌︎: -30 -100 -116 -17 -72 -114
👌︎: -16 -97 -111 -116 -17 -72 -114
👍︎: -16 -97 -111 -115 -17 -72 -114
👎︎: -16 -97 -111 -114 -17 -72 -114
☜︎: -30 -104 -100 -17 -72 -114
☞︎: -30 -104 -98 -17 -72 -114
☝︎: -30 -104 -99 -17 -72 -114
☟︎: -30 -104 -97 -17 -72 -114
✋︎: -30 -100 -117 -17 -72 -114
☺︎: -30 -104 -70 -17 -72 -114
😐︎: -16 -97 -104 -112 -17 -72 -114
☹︎: -30 -104 -71 -17 -72 -114
💣︎: -16 -97 -110 -93 -17 -72 -114
☠︎: -30 -104 -96 -17 -72 -114
⚐︎: -30 -102 -112 -17 -72 -114
🏱︎: -16 -97 -113 -79 -17 -72 -114
✈︎: -30 -100 -120 -17 -72 -114
☼︎: -30 -104 -68 -17 -72 -114
💧︎: -16 -97 -110 -89 -17 -72 -114
❄︎: -30 -99 -124 -17 -72 -114
🕆︎: -16 -97 -107 -122 -17 -72 -114
✞︎: -30 -100 -98 -17 -72 -114
🕈︎: -16 -97 -107 -120 -17 -72 -114
✠︎: -30 -100 -96 -17 -72 -114
✡︎: -30 -100 -95 -17 -72 -114
☪︎: -30 -104 -86 -17 -72 -114
☯︎: -30 -104 -81 -17 -72 -114
ॐ︎: -32 -91 -112 -17 -72 -114
☸︎: -30 -104 -72 -17 -72 -114
☸︎: -30 -104 -72 -17 -72 -114
♈︎: -30 -103 -120 -17 -72 -114
♉︎: -30 -103 -119 -17 -72 -114
♋︎: -30 -103 -117 -17 -72 -114
♌︎: -30 -103 -116 -17 -72 -114
♍︎: -30 -103 -115 -17 -72 -114
♎︎: -30 -103 -114 -17 -72 -114
♏︎: -30 -103 -113 -17 -72 -114
♐︎: -30 -103 -112 -17 -72 -114
♑︎: -30 -103 -111 -17 -72 -114
♒︎: -30 -103 -110 -17 -72 -114
♓︎: -30 -103 -109 -17 -72 -114
🙰: -16 -97 -103 -80
🙵: -16 -97 -103 -75
●︎: -30 -105 -113 -17 -72 -114
❍︎: -30 -99 -115 -17 -72 -114
■︎: -30 -106 -96 -17 -72 -114
□︎: -30 -106 -95 -17 -72 -114
◻︎: -30 -105 -69 -17 -72 -114
❑︎: -30 -99 -111 -17 -72 -114
❒︎: -30 -99 -110 -17 -72 -114
⬧︎: -30 -84 -89 -17 -72 -114
⧫︎: -30 -89 -85 -17 -72 -114
◆︎: -30 -105 -122 -17 -72 -114
❖︎: -30 -99 -106 -17 -72 -114
⬥︎: -30 -84 -91 -17 -72 -114
⌧︎: -30 -116 -89 -17 -72 -114
⍓︎: -30 -115 -109 -17 -72 -114
⌘︎: -30 -116 -104 -17 -72 -114
❀︎: -30 -99 -128 -17 -72 -114
✿︎: -30 -100 -65 -17 -72 -114
❝︎: -30 -99 -99 -17 -72 -114
❞︎: -30 -99 -98 -17 -72 -114